
% problem 1d
numChoice = 2000;
defect_density = [0.23086900129701687, 0.0622568093385214, 0.027237354085603113, 0.05058365758754864, 0.019455252918287938, 0.02464332036316472, 0.029831387808041506, 0.023346303501945526, 0.01556420233463035, 0.016861219195849545, 0.023346303501945526, 0.01297016861219196, 0.01556420233463035, 0.019455252918287938, 0.016861219195849545, 0.02594033722438392, 0.010376134889753566, 0.00648508430609598, 0.01297016861219196, 0.009079118028534372, 0.018158236057068743, 0.007782101167315175, 0.01297016861219196, 0.011673151750972763, 0.011673151750972763, 0.01556420233463035, 0.010376134889753566, 0.01297016861219196, 0.007782101167315175, 0.00648508430609598, 0.014267185473411154, 0.010376134889753566, 0.010376134889753566, 0.007782101167315175, 0.018158236057068743, 0.00648508430609598, 0.01297016861219196, 0.007782101167315175, 0.00648508430609598, 0.014267185473411154, 0.011673151750972763, 0.010376134889753566, 0.01297016861219196, 0.009079118028534372, 0.009079118028534372, 0.010376134889753566, 0.009079118028534372, 0.014267185473411154, 0.010376134889753566, 0.010376134889753566, 0.014267185473411154, 0.011673151750972763, 0.009079118028534372, 0.007782101167315175, 0.011673151750972763, 0.0025940337224383916, 0.009079118028534372, 0.007782101167315175, 0.014267185473411154, 0.005188067444876783, 0.011673151750972763, 0.007782101167315175, 0.01297016861219196, 0.00648508430609598, 0.014267185473411154, 0.010376134889753566, 0.00648508430609598, 0.010376134889753566, 0.014267185473411154, 0.0025940337224383916, 0.007782101167315175, 0.00648508430609598, 0.005188067444876783, 0.01556420233463035, 0.011673151750972763, 0.00648508430609598, 0.009079118028534372, 0.007782101167315175, 0.009079118028534372, 0.00648508430609598, 0.018158236057068743, 0.0038910505836575876, 0.0038910505836575876, 0.005188067444876783, 0.01556420233463035, 0.00648508430609598, 0.009079118028534372, 0.00648508430609598, 0.007782101167315175, 0.009079118028534372, 0.005188067444876783, 0.011673151750972763, 0.010376134889753566, 0.0038910505836575876, 0.007782101167315175, 0.011673151750972763, 0.0038910505836575876, 0.009079118028534372, 0.00648508430609598, 0.010376134889753566, 0.009079118028534372, 0.005188067444876783, 0.011673151750972763, 0.005188067444876783, 0.007782101167315175, 0.009079118028534372, 0.007782101167315175, 0.00648508430609598, 0.007782101167315175, 0.01297016861219196, 0.010376134889753566, 0.00648508430609598, 0.005188067444876783, 0.007782101167315175, 0.007782101167315175, 0.007782101167315175, 0.007782101167315175, 0.005188067444876783, 0.007782101167315175, 0.0038910505836575876, 0.007782101167315175, 0.009079118028534372, 0.009079118028534372, 0.0038910505836575876, 0.011673151750972763, 0.007782101167315175, 0.005188067444876783, 0.009079118028534372, 0.01297016861219196, 0.005188067444876783, 0.010376134889753566, 0.00648508430609598, 0.00648508430609598, 0.00648508430609598, 0.007782101167315175, 0.009079118028534372, 0.00648508430609598, 0.009079118028534372, 0.00648508430609598, 0.005188067444876783, 0.011673151750972763, 0.00648508430609598, 0.00648508430609598, 0.010376134889753566, 0.00648508430609598, 0.00648508430609598, 0.010376134889753566, 0.007782101167315175, 0.005188067444876783, 0.007782101167315175, 0.0038910505836575876, 0.010376134889753566, 0.007782101167315175, 0.007782101167315175, 0.009079118028534372, 0.010376134889753566, 0.0038910505836575876, 0.0038910505836575876, 0.009079118028534372, 0.014267185473411154, 0.0038910505836575876, 0.007782101167315175, 0.007782101167315175, 0.005188067444876783, 0.007782101167315175, 0.009079118028534372, 0.00648508430609598, 0.0038910505836575876, 0.009079118028534372, 0.00648508430609598, 0.009079118028534372, 0.00648508430609598, 0.011673151750972763, 0.0038910505836575876, 0.009079118028534372, 0.005188067444876783, 0.009079118028534372, 0.007782101167315175, 0.009079118028534372, 0.005188067444876783, 0.00648508430609598, 0.009079118028534372, 0.007782101167315175, 0.009079118028534372, 0.0038910505836575876, 0.009079118028534372, 0.0012970168612191958, 0.009079118028534372, 0.007782101167315175, 0.0025940337224383916, 0.00648508430609598, 0.010376134889753566, 0.005188067444876783, 0.009079118028534372, 0.007782101167315175, 0.007782101167315175, 0.007782101167315175, 0.00648508430609598, 0.005188067444876783, 0.007782101167315175, 0.007782101167315175, 0.010376134889753566, 0.0038910505836575876, 0.009079118028534372, 0.005188067444876783, 0.007782101167315175, 0.00648508430609598, 0.010376134889753566, 0.0025940337224383916, 0.010376134889753566, 0.0038910505836575876, 0.005188067444876783, 0.011673151750972763, 0.005188067444876783, 0.011673151750972763, 0.0038910505836575876, 0.009079118028534372, 0.0025940337224383916, 0.00648508430609598, 0.007782101167315175, 0.0038910505836575876, 0.005188067444876783, 0.005188067444876783, 0.010376134889753566, 0.0038910505836575876, 0.0038910505836575876, 0.005188067444876783, 0.007782101167315175, 0.009079118028534372, 0.009079118028534372, 0.00648508430609598, 0.00648508430609598, 0.0038910505836575876, 0.00648508430609598, 0.00648508430609598, 0.009079118028534372, 0.007782101167315175, 0.0012970168612191958, 0.00648508430609598, 0.010376134889753566, 0.005188067444876783, 0.007782101167315175, 0.010376134889753566, 0.010376134889753566, 0.007782101167315175, 0.005188067444876783, 0.007782101167315175, 0.005188067444876783, 0.00648508430609598, 0.0038910505836575876, 0.009079118028534372, 0.00648508430609598, 0.0038910505836575876, 0.009079118028534372, 0.005188067444876783, 0.009079118028534372, 0.00648508430609598, 0.010376134889753566, 0.005188067444876783, 0.009079118028534372, 0.00648508430609598, 0.00648508430609598, 0.0038910505836575876, 0.007782101167315175, 0.0038910505836575876, 0.011673151750972763, 0.007782101167315175, 0.0012970168612191958, 0.00648508430609598, 0.011673151750972763, 0.007782101167315175, 0.0038910505836575876, 0.007782101167315175, 0.00648508430609598, 0.007782101167315175, 0.00648508430609598, 0.011673151750972763, 0.005188067444876783, 0.00648508430609598, 0.007782101167315175, 0.0025940337224383916, 0.005188067444876783, 0.0038910505836575876, 0.010376134889753566, 0.00648508430609598, 0.00648508430609598, 0.0038910505836575876, 0.01556420233463035, 0.0038910505836575876, 0.010376134889753566, 0.0038910505836575876, 0.0038910505836575876, 0.009079118028534372, 0.007782101167315175, 0.0038910505836575876, 0.010376134889753566, 0.0038910505836575876, 0.014267185473411154, 0.0025940337224383916, 0.010376134889753566, 0.00648508430609598, 0.010376134889753566, 0.00648508430609598, 0.005188067444876783, 0.007782101167315175, 0.005188067444876783, 0.010376134889753566, 0.005188067444876783, 0.0038910505836575876, 0.007782101167315175, 0.0038910505836575876, 0.009079118028534372, 0.0038910505836575876, 0.009079118028534372, 0.0038910505836575876, 0.0038910505836575876, 0.00648508430609598, 0.010376134889753566, 0.0025940337224383916, 0.010376134889753566, 0.0025940337224383916, 0.005188067444876783, 0.009079118028534372, 0.00648508430609598, 0.007782101167315175, 0.010376134889753566, 0.0012970168612191958, 0.005188067444876783, 0.007782101167315175, 0.005188067444876783, 0.0038910505836575876, 0.00648508430609598, 0.005188067444876783, 0.010376134889753566, 0.0025940337224383916, 0.00648508430609598, 0.005188067444876783, 0.0038910505836575876, 0.0038910505836575876, 0.007782101167315175, 0.009079118028534372, 0.00648508430609598, 0.007782101167315175, 0.0038910505836575876, 0.00648508430609598, 0.010376134889753566, 0.0012970168612191958, 0.0025940337224383916, 0.009079118028534372, 0.005188067444876783, 0.00648508430609598, 0.0025940337224383916, 0.009079118028534372, 0.0038910505836575876, 0.0038910505836575876, 0.007782101167315175, 0.009079118028534372, 0.005188067444876783, 0.009079118028534372, 0.005188067444876783, 0.0038910505836575876, 0.009079118028534372, 